node	Freshwater	Gut	Hot Spring	Marine	Soda Lake	Soil
root	0.010929003040639958	0.10698263036640751	0.8328057968151018	0.03708778894276087	0.010372102061265627	0.0018226787738242873
n0	0.014956571827958884	0.2108458558344443	0.7380406280735944	0.024133984894052697	0.010755362333056042	0.0012675970368935768
n3535	0.0017316229471264666	0.01274190351374163	0.9510285235513275	0.03226102489614463	0.0018680080735494356	0.0003689170181103847
g0053	0.0	1.0	0.0	0.0	0.0	0.0
n00	0.03470288736420414	0.15367501293724223	0.7530764414732692	0.03497419038932673	0.02176741901417478	0.0018040488217829576
g0002	0.0	0.0	1.0	0.0	0.0	0.0
n36	0.0013335207314028145	0.004333592576889601	0.8583695859508379	0.13384392559770084	0.001730963892898399	0.00038841125027041926
n1	0.01897332612012634	0.07451408843289598	0.8633083234022468	0.026828991509508283	0.01447187153479621	0.0019033990004262977
n11	0.22483513755539575	0.19162519183296547	0.2879554986134699	0.16048697306104678	0.1280415313150534	0.007055667622068666
n3636	0.001393384014389101	0.0030764872767103037	0.871875056921755	0.12133544383382439	0.0018861438404314161	0.0004334841128899062
g0018	0.0	0.0	0.0	1.0	0.0	0.0
g0038	0.0	0.0	1.0	0.0	0.0	0.0
g0061	0.038361632250741455	0.09799202198674092	0.714265612504364	0.096947326886258	0.04350399870045932	0.008929407671436258
n2	0.12131469860832314	0.07364266189645474	0.09650088341089984	0.3575048683622086	0.3466598566565047	0.0043770310656090225
n29	0.4881132681327003	0.2896191893703168	0.08414991083841575	0.08257026483297378	0.043139281674500006	0.012408085151093312
n37	0.011977746630372701	0.01986319853691125	0.3968540068410924	0.5508885148007054	0.01656491237853892	0.003851620812379252
g0019	0.0	0.0	1.0	0.0	0.0	0.0
n22	0.013456527380503323	0.010265582213590826	0.010153964253704533	0.8968306589139085	0.06830828858733237	0.0009849786509605462
n2121	0.08279016611215949	0.01093494630025405	0.009867914096625855	0.03897296503258426	0.8565023370465077	0.0009316714118685757
n2929	0.9275135364069832	0.023208861411330318	0.006751220325772842	0.036590935439791444	0.004672500610979854	0.001262945805142298
n31	0.27670254369266906	0.6170959350455432	0.019048098907581325	0.04480829856608137	0.013134696163078802	0.029210427625046317
g0003	0.0326629402464052	0.05347268091767501	0.334285728340582	0.5238531778668631	0.04520901758251978	0.01051645504595483
g0004	0.0	0.0	0.0	1.0	0.0	0.0
n3	0.0029520538399860803	0.00344478996755843	0.002020269045331017	0.9422000180620931	0.048978605786035016	0.0004042632989964849
n2020	0.0014327506116314755	0.0014399463681785832	0.0009711604804140324	0.9901588407081395	0.005792601228769549	0.0002047006028667548
n2222	0.003170631687000092	0.0006877844002933825	0.0004428601799483507	0.0019974117185135986	0.9936097278425713	9.158417167319077e-05
n2727	0.12444442817060636	0.007958291825317194	0.0038320270269253586	0.017113745114775435	0.8458930418143588	0.0007584660480169953
n30	0.9976240887580801	0.0007147299676460377	0.00020839269517974654	0.0011777228746549324	0.00021947050242714553	5.5595202012253875e-05
n3030	0.912941009718469	0.008913514641953873	0.0026000272276927193	0.07190051015265117	0.0029127695831641072	0.0007321686760690044
g0032	0.0	1.0	0.0	0.0	0.0	0.0
n3131	0.2776598856238522	0.5466619313270034	0.010668577417334124	0.06952102197118994	0.011673767917513405	0.08381481574310706
n33	0.0007999947230032084	0.003098941909333624	0.0004517240800382393	0.9893139647723511	0.006138882521410846	0.00019649199386304695
n18	0.0026295918693301328	0.003868811289582455	0.0014455666004828888	0.8915047763321691	0.09986974343507979	0.0006815104733557096
n21	0.00030288005921053974	0.0004296887647943183	0.0001655932797996244	0.9983325557451028	0.0006899594819736279	7.932266911906137e-05
g0037	0.0	0.0	0.0	1.0	0.0	0.0
n23	0.00016713660371563726	0.0001039101356089081	3.9678803432397904e-05	0.00023226123122835864	0.9994381258431307	1.8887382883975173e-05
g0064	0.0	0.0	0.0	0.0	1.0	0.0
g0017	0.0	0.0	0.0	0.0	1.0	0.0
n28	0.9022308159780493	0.02548156641244534	0.0011304404885621364	0.007062951523839207	0.06346676996136184	0.0006274556357421667
g0023	1.0	0.0	0.0	0.0	0.0	0.0
g990069	1.0	0.0	0.0	0.0	0.0	0.0
g0025	0.0	0.0	0.0	1.0	0.0	0.0
g990079	1.0	0.0	0.0	0.0	0.0	0.0
n32	0.3289942852054756	0.5662475228399039	0.006962145547520201	0.045966940240056896	0.011091764713703075	0.04073734145334052
n34	0.11337190912765863	0.22006986761643796	0.008427020453878222	0.23141286879948833	0.017133201979733993	0.4095851320228028
n4	0.0003153970062052901	0.0006667363219228061	0.0001572590825966303	0.9978905850068144	0.0008736425295241596	9.63800529368166e-05
n1111	0.0010780290185918027	0.01524693469140145	0.000533631609372699	0.9801384181629977	0.0026700354651125412	0.00033295105252379874
n1818	0.0020466090117147863	0.0032938421986167562	0.0010000064579291988	0.30022810097617536	0.6927874689534993	0.0006439724020646832
n1919	0.0006130426900440526	0.0009664562400733463	0.0003084709925281679	0.9897003092607431	0.008226930664549296	0.00018479015206194441
g0021	0.0	0.0	0.0	1.0	0.0	0.0
g990071	0.0	0.0	0.0	1.0	0.0	0.0
n2323	4.6348425285162566e-05	6.938183781390731e-05	2.079734866335455e-05	0.0001405412473043799	0.9997092631211042	1.3668019828936826e-05
n2626	4.617817305881234e-05	6.91261577428097e-05	2.0720755796510553e-05	0.00014002345852608038	0.9997103338121353	1.3617642740468865e-05
n2828	0.8984047126150435	0.0720259314445476	0.0009806514944580656	0.006490577105415153	0.02148096371636046	0.0006171636241752374
g0054	1.0	0.0	0.0	0.0	0.0	0.0
n3232	0.15382824556804348	0.7656045038067016	0.0060732927872747065	0.040753290399299445	0.013476054587326194	0.020264612851354447
n3333	0.6369547532308294	0.26838719919665416	0.007311767485739587	0.04920535815245533	0.01704577217045774	0.021095149763863938
n3434	0.0011447944980587218	0.002176167207493917	0.0001447921485790999	0.002518627583470561	0.00035435920334339404	0.9936612593590542
n35	0.06109418225752684	0.11539871750462304	0.008682537527804915	0.6058551361498854	0.021813463403368438	0.18715596315679134
n44	0.000280449766762267	0.00047082174530625677	0.0001352534686631585	0.9985519208466292	0.0004716947470397157	8.98594255993366e-05
n10	0.00022743174804423625	0.0003820225820961281	0.00010969209437047548	0.9988595871992535	0.00034840163928106664	7.286473695455008e-05
n12	0.00032064215359798345	0.0015564792673342066	0.00015523632074786314	0.9973312157730364	0.0005342328771369574	0.00010219360814653387
n13	0.004296664911779521	0.15114043388364118	0.0020700515626266105	0.8347122851011042	0.006401941428985193	0.0013786231118633344
n19	0.0019684514221573637	0.0031929331523151447	0.0009508119943131542	0.3045441218113052	0.688714310300259	0.000629371319650128
g0031	0.0	0.0	0.0	0.0	1.0	0.0
n20	0.0002454766351546198	0.00039740458892899034	0.0001189127686976547	0.9982959737459164	0.000864056100695152	7.817616060718569e-05
g0034	0.0	0.0	0.0	1.0	0.0	0.0
n24	4.34839480694608e-05	7.056606626324356e-05	2.08331799054047e-05	0.00014212535346909156	0.9997090309412802	1.3960511012657194e-05
g0015	0.0	0.0	0.0	0.0	1.0	0.0
n27	3.986458744582706e-05	6.469250878714659e-05	1.909913461267186e-05	0.00013029557240486588	0.9997332496874081	1.2798509341378766e-05
g0035	0.0	0.0	0.0	0.0	1.0	0.0
g0024	0.0	1.0	0.0	0.0	0.0	0.0
g990075	1.0	0.0	0.0	0.0	0.0	0.0
g0028	0.14821624148344972	0.6609634570383243	0.015950566273018635	0.1082902457774611	0.042692792983385915	0.023886696444360343
g990070	0.0	1.0	0.0	0.0	0.0	0.0
g0063	1.0	0.0	0.0	0.0	0.0	0.0
g990074	0.541777514046119	0.2559236340545361	0.01695944421830558	0.11517541247388195	0.04560073235831897	0.024563262848838512
g0027	0.0	0.0	0.0	0.0	0.0	1.0
g990072	0.0	0.0	0.0	0.0	0.0	1.0
g0000	0.07267384133042833	0.13129718407267701	0.01807609170833018	0.5686297179729025	0.04948455698613245	0.15983860792952953
g990076	0.0	0.0	0.0	1.0	0.0	0.0
n5	0.0005199548995411319	0.0008488109547354243	0.00024985604841162336	0.9970289332035321	0.0011850241285297723	0.00016742076524997173
n77	0.00022679608224549462	0.00037034379632124996	0.00010898722196153088	0.9989003491039824	0.0003205011218236774	7.302267366555328e-05
n1010	0.00020146250683190738	0.000328827718184608	9.680757877044742e-05	0.9990267081371937	0.0002813231226496963	6.487093636942333e-05
g0042	0.0	0.0	0.0	1.0	0.0	0.0
n1212	0.00021085765799960405	0.0004167806860604546	0.00010137533811620379	0.9989047734638191	0.0002983649438911107	6.784791011366782e-05
g0007	0.0	0.0	0.0	1.0	0.0	0.0
n1313	0.006127880304111206	0.07732266216441168	0.0029464762699731	0.9029353467806442	0.008696165751705854	0.0019714687291537583
n1414	0.0012448656054076287	0.9559118982787084	0.0005982606289103493	0.0401006904360929	0.0017435043370371502	0.0004007807138435545
g0029	0.0	0.0	0.0	0.0	1.0	0.0
g990067	0.0	0.0	0.0	1.0	0.0	0.0
g0033	0.0	0.0	0.0	1.0	0.0	0.0
g990066	0.0	0.0	0.0	1.0	0.0	0.0
n2424	4.1463557263510205e-05	6.749691492884682e-05	1.9915802564333687e-05	0.00013591507396145408	0.9997218532377553	1.3355413526519015e-05
n2525	4.1463557263510205e-05	6.749691492884682e-05	1.9915802564333687e-05	0.00013591507396145408	0.9997218532377553	1.3355413526519015e-05
g0030	0.0	0.0	0.0	0.0	1.0	0.0
g0036	0.0	0.0	0.0	0.0	1.0	0.0
n55	0.0030417393408526	0.0049532623471909626	0.0014611982203588392	0.9799466285817042	0.009617340308983478	0.00097983120091001
n7	0.00022556611462584358	0.0003673979815142691	0.00010836097540085222	0.9988806571228909	0.0003453592085838921	7.265859698430863e-05
n8	0.00023908768763115096	0.0003893410345144446	0.00011485365317593502	0.9988481228966931	0.0003315778595256051	7.701686845970893e-05
g0056	0.0	0.0	0.0	1.0	0.0	0.0
g0008	0.0	0.0	0.0	1.0	0.0	0.0
g0057	0.0	0.0	0.0	1.0	0.0	0.0
g0006	0.0	0.0	0.0	1.0	0.0	0.0
g0062	0.0	0.0	0.0	1.0	0.0	0.0
n14	0.0007947010535825184	0.0060783626034104695	0.0003819508110792821	0.9913737968595119	0.0011153655709976408	0.00025582310141822594
g990068	0.027897561408422054	0.10027992346664243	0.013403419991245677	0.8106352049304404	0.038799032026332544	0.008984858176916834
n15	0.0001560847066656007	0.9974795391635487	7.498934962605894e-05	0.002022168765094979	0.00021694683474379062	5.027118032095545e-05
n17	0.00015537708522938152	0.9974908504455465	7.46493807766658e-05	0.0020131164629283455	0.00021596335404638702	5.0043271472853266e-05
g0009	0.0	0.0	0.0	0.0	1.0	0.0
n25	3.9690760033223614e-05	6.461863255413122e-05	1.9066122811312674e-05	0.00013011818596022267	0.9997337203268114	1.2785971829715357e-05
g0010	0.0	0.0	0.0	0.0	1.0	0.0
n26	3.9690760033223614e-05	6.461863255413122e-05	1.9066122811312674e-05	0.00013011818596022267	0.9997337203268114	1.2785971829715357e-05
g0001	0.025383549973438627	0.041326848785544996	0.012193492756775682	0.8733696183533991	0.03954943306056351	0.008177057070278113
n6	0.0010407396020022186	0.0016945679356631818	0.0004999453683516008	0.9835163084497985	0.012913179693030572	0.00033525895115382937
g0020	0.0	0.0	0.0	1.0	0.0	0.0
g0041	0.0	0.0	0.0	1.0	0.0	0.0
n88	0.00020231139331848463	0.0003293815161897467	9.718426910592709e-05	0.9990257935061271	0.000280156693673997	6.517262158482572e-05
n9	0.00021970720380166326	0.0003577034480109353	0.0001055406882075198	0.9989420263495435	0.0003042457984329981	7.07765120033129e-05
g0022	0.0	0.0	0.0	1.0	0.0	0.0
g990073	0.0	0.0	0.0	1.0	0.0	0.0
g0044	0.0	1.0	0.0	0.0	0.0	0.0
n1515	6.646102263594519e-05	0.9995042691231442	3.192627083997608e-05	0.0002838764921202981	9.205769768427875e-05	2.140939357528221e-05
n1717	6.0387563109198955e-05	0.9995495590422628	2.9008727590137734e-05	0.0002579466211263884	8.36451237459462e-05	1.9452922165481156e-05
g990078	0.0	1.0	0.0	0.0	0.0	0.0
g0011	0.0	0.0	0.0	0.0	1.0	0.0
g0013	0.0	0.0	0.0	0.0	1.0	0.0
g0012	0.0	0.0	0.0	0.0	1.0	0.0
g0014	0.0	0.0	0.0	0.0	1.0	0.0
n66	0.002330841425317703	0.0037948047928260537	0.0011196649509401962	0.9058788590957724	0.0861249714939421	0.000750858241201576
g0039	0.0	0.0	0.0	1.0	0.0	0.0
g0026	0.0	0.0	0.0	1.0	0.0	0.0
g0055	0.0	0.0	0.0	1.0	0.0	0.0
n99	0.00020076414467849014	0.00032685646420058497	9.644079289182365e-05	0.9990332851973844	0.00027797900606747484	6.467439477704613e-05
g990077	0.0	0.0	0.0	1.0	0.0	0.0
n16	5.468673059835844e-05	0.9996437939746396	2.626980304159584e-05	0.0001819124938712802	7.572016394790412e-05	1.7616833900969248e-05
n1616	5.468673059835844e-05	0.9996437939746396	2.626980304159584e-05	0.0001819124938712802	7.572016394790412e-05	1.7616833900969248e-05
g0051	0.0	1.0	0.0	0.0	0.0	0.0
g990080	0.0	1.0	0.0	0.0	0.0	0.0
g0016	0.0	0.0	0.0	0.0	1.0	0.0
g990065	0.0	0.0	0.0	1.0	0.0	0.0
g0040	0.0	0.0	0.0	1.0	0.0	0.0
g0043	0.0	0.0	0.0	1.0	0.0	0.0
g0058	0.0	1.0	0.0	0.0	0.0	0.0
g0059	0.0	1.0	0.0	0.0	0.0	0.0
g990081	0.0	1.0	0.0	0.0	0.0	0.0
g990082	0.0	1.0	0.0	0.0	0.0	0.0
